1989	1.351672488E7
1990	1.306864908E7
1991	1.288862292E7
1992	1.406455696E7
1993	1.621176816E7
1994	1.733233608E7
1995	1.988147616E7
1996	2.320903852E7
1997	2.48580836E7
1998	2.061893528E7
1999	1.921497108E7
2000	2.10125262E7
2001	2.224034168E7
2002	2.146645112E7
2003	3.189073196E7
2004	3.84675182E7
2005	5.093185132E7
2006	5.157191944E7
2007	6.363919928E7
2008	7.67595834E7
2009	5.83022548E7
2010	8.350433196E7
2011	9.974959464E7
2012	1.0875558348E8
2013	9.947734132E7
2014	1.0170064E8
2015	8.068463336E7
2016	8.44889474E7
